11 20
13 16 18 18 18 19 19 21 23 25 27 30 33 34 37 39 41 41 41 44
13 19 22 25 25 26 26 29 30 33 35 37 38 40 41 42 43 43 45 46
16 19 24 26 28 31 32 35 35 35 37 40 43 45 46 49 49 49 50 53
19 21 27 29 31 33 33 37 39 42 45 45 47 47 49 52 52 52 55 57
19 21 28 31 33 35 35 40 43 46 48 49 51 51 53 54 57 57 60 63
20 21 30 33 33 37 38 41 44 49 52 54 56 57 60 61 64 66 67 70
20 24 30 36 36 37 41 42 46 50 55 58 61 62 65 66 68 68 71 72
20 26 31 36 36 37 42 43 46 50 55 60 63 65 65 67 71 72 75 76
20 27 33 39 40 41 42 45 48 53 57 60 66 68 68 69 72 73 75 76
21 30 34 40 43 46 46 49 52 53 57 63 67 69 70 70 73 76 77 77
22 31 37 41 43 46 49 52 53 55 57 64 68 71 71 74 77 78 80 82